25   5388   2127  ****
24   6236     84  ****
23   7298     38  *****
22   5949    162  ****
21   7911    179  *****
20   8357    552  *****
19   7451   2385  ******
18  10230    139  ******
17  10704    183  ******
16  11438    426  *******
15  11139    158  *******
14  12820    889  *******
13  12699    162  *******
12  13206   2062  ********
11  14827    189  ********
10  16919    635  *********
 9  15995    320  *********
 8  17906   1066  **********
 7  19408    714  **********
 6  27735   1241  **************
 5  31059   5519  ******************
 4  36130   1382  ******************
 3  41543   3608  **********************
 2  49909   5410  ***************************
 1  70777  15588  *****************************************