25   3432   522  ******
24   3940    24  *******
23   4278   251  ********
22   4004  1197  ********
21   5077   291  *********
20   5643   249  *********
19   5165   960  **********
18   5962    41  **********
17   5404   126  *********
16   6282   184  **********
15   6292    45  **********
14   6241   265  **********
13   6342   285  **********
12   7671    94  ************
11   5252   327  *********
10   8760   148  **************
 9   9313  1644  *****************
 8  11628   207  ******************
 7  12151  1349  ********************
 6  15124   487  ***********************
 5  14539   677  **********************
 4  15545   882  ************************
 3  18336  2188  ******************************
 2  19635  2423  ********************************
 1  22007  6382  ****************************************