25   6181   1116  ******
24   6892     84  ******
23   6777   1040  ******
22   7626    148  ******
21   7285     94  ******
20   8660    615  *******
19   9645    124  ********
18   9040   1701  ********
17  10673    616  ********
16  11062    996  *********
15  11965    306  *********
14  10757    766  *********
13  12577   1116  **********
12  14172    572  ***********
11  14440    532  ***********
10  14609   1551  ************
 9  17481    476  *************
 8  19920    566  ***************
 7  18282   5263  ****************
 6  24829   1145  ******************
 5  28207   1605  *********************
 4  30380   3436  ***********************
 3  26264   9062  ************************
 2  43042   7413  **********************************
 1  51038  10114  *****************************************