25   3607   1677  ***
24   4255    110  ***
23   4251   2275  ***
22   4732   1209  ***
21   4894    281  ****
20   5378    163  ****
19   6150   1059  ****
18   7903    492  *****
17   6478     39  ****
16   8983    329  *****
15   6772    330  ****
14  11652    721  ******
13  11487    785  ******
12  13289   1421  *******
11  15747   1139  ********
10  16931     77  *********
 9  16523   1205  ********
 8  18946   1077  *********
 7  19377   4290  ***********
 6  23327   1048  ***********
 5  33546   1323  ****************
 4  32923   1191  ***************
 3  45002   2499  *********************
 2  58387   6980  ****************************
 1  74143  20649  *****************************************