25    3758   1118  ***
24    5070   1422  ***
23    5318    162  ***
22    4542   2732  ***
21    5506    348  ***
20    5376    789  ***
19    7156    751  ****
18    5181    733  ***
17    8396   1954  ****
16    9006   3783  *****
15   10466    384  *****
14   12045    950  *****
13   14296   1829  ******
12   15339   3771  ********
11   17164    208  *******
10   18586   3294  *********
 9   22614    109  *********
 8   29460   1209  ***********
 7   24311   5973  **********
 6   34935   2029  *************
 5   37985   1804  **************
 4   54115   4611  ********************
 3   51833   7286  ********************
 2   80636   8743  ******************************
 1  107174  15062  *****************************************