25   13749   4451  ****
24   16991   1028  *****
23   16258   2477  *****
22   18298   3401  *****
21   18940    247  *****
20   15848   4923  ******
19   20465   3663  ******
18   27834   1930  *******
17   28750    827  ********
16   32283   4443  ********
15   37476   2076  *********
14   36505   4286  *********
13   37664  11258  ***********
12   46839   3933  ***********
11   47855   5270  *************
10   52499  12009  ***************
 9   66570   1771  ***************
 8   68464   5811  *****************
 7   67999   6936  *****************
 6   89338   3147  ********************
 5   95330   2363  **********************
 4  100066  13656  *************************
 3  122418   4644  ***************************
 2  147613   5607  **********************************
 1  176028  14392  *****************************************