25   11329   6000  ***
24   13111    133  ****
23   13582   2194  ****
22   16051   6055  ****
21   20221   6496  ******
20   23215    378  *****
19   17195    257  ****
18   25696    184  ******
17   33593   1515  *******
16   33612   1710  *******
15   39442   3567  ********
14   47071   7177  **********
13   53055    926  **********
12   50955   2104  **********
11   60365    338  ***********
10   67288   1898  ************
 9   66028  10760  *************
 8   70631  12566  ***************
 7   90784   2478  ****************
 6   92093   7153  *****************
 5   93763   4821  *****************
 4  106612   6569  ********************
 3  137719  38720  ******************************
 2  194539   8029  **********************************
 1  217953  28536  *****************************************